-0.6244791666666667
-0.47395833333333337
-0.32447916666666665
-0.04062500000000002
-0.18281250000000004
0.1088541666666667
0.4067708333333333
0.2588541666666666
0.5614583333333334
-0.6244791666666667
-0.6244791666666667
-0.48177083333333337
-0.3364583333333333
-0.04062500000000002
-0.18281250000000004
0.1088541666666667
0.4067708333333333
0.5578125
0.2588541666666666
-0.5520833333333333
-0.40364583333333337
-0.25
0.046875
0.3453124999999999
-0.1015625
0.1963541666666666
0.48854166666666665
-0.5526041666666667
-0.41093749999999996
-0.11406249999999996
0.18385416666666665
0.6244791666666667
-0.26249999999999996
0.034375000000000044
0.33333333333333326
0.4760416666666667
