0.35925925925925917
0.35925925925925917
0.35925925925925917
0.35925925925925917
0.35925925925925917
0.35925925925925917
0.35925925925925917
0.35925925925925917
0.35925925925925917
-0.11111111111111116
-0.11111111111111116
-0.11851851851851847
-0.11851851851851847
-0.11851851851851847
-0.11296296296296293
-0.11851851851851847
-0.11851851851851847
-0.11296296296296293
-0.11851851851851847
0.11944444444444446
0.11944444444444446
0.11944444444444446
0.11944444444444446
0.11944444444444446
0.11944444444444446
0.11944444444444446
0.11944444444444446
-0.35370370370370374
-0.3583333333333333
-0.3583333333333333
-0.3583333333333333
-0.3583333333333333
-0.3583333333333333
-0.3583333333333333
-0.3583333333333333
-0.3583333333333333
